Validation: 0.5168463903685419
min_df: 24
alpha: 0.6900000000000001
[0.4972933177428436, 124, 87, 134, 92]

Validation: 0.5026525486120134
min_df: 25
alpha: 0.0
[0.4975206790524447, 127, 89, 131, 90]

Validation: 0.5073838291975229
min_df: 26
alpha: 0.73
[0.5067558789138625, 126, 85, 132, 94]

Validation: 0.4987765796197653
min_df: 27
alpha: 0.65
[0.49233467584773283, 120, 86, 138, 93]

Validation: 0.49963189121302676
min_df: 28
alpha: 0.43
[0.49256203715733404, 123, 88, 135, 91]

Validation: 0.5026525486120134
min_df: 29
alpha: 0.51
[0.49535533324671954, 123, 87, 135, 92]

Validation: 0.5121151097830323
min_df: 30
alpha: 0.13
[0.4945000216534581, 124, 88, 134, 91]

Validation: 0.507611190507124
min_df: 31
alpha: 0.0
[0.5059005673206011, 127, 86, 131, 93]

Validation: 0.5142804555887575
min_df: 32
alpha: 0.21
[0.4936447100601966, 125, 89, 133, 90]

Validation: 0.5181564245810055
min_df: 33
alpha: 0.21
[0.4947273829630592, 127, 90, 131, 89]

Validation: 0.5239703780693776
min_df: 34
alpha: 0.49
[0.5048178944177385, 125, 85, 133, 94]

Validation: 0.5278463470616257
min_df: 35
alpha: 0.43
[0.5059005673206011, 127, 86, 131, 93]

Validation: 0.5173011129877442
min_df: 36
alpha: 0.34
[0.502024598328353, 125, 86, 133, 93]

Validation: 0.5131977826858949
min_df: 37
alpha: 0.45
[0.5134251439954961, 128, 84, 130, 95]

Validation: 0.5069832402234637
min_df: 38
alpha: 0.36
[0.5028799099216145, 124, 85, 134, 94]

Validation: 0.5052726170369408
min_df: 39
alpha: 0.0
[0.507611190507124, 125, 84, 133, 95]

Validation: 0.5024793209475553
min_df: 40
alpha: 0.16
[0.5037352215148759, 123, 84, 135, 95]

Validation: 0.5052726170369408
min_df: 41
alpha: 0.0
[0.511259798189771, 124, 82, 134, 97]

Validation: 0.513024555021437
min_df: 42
alpha: 0.0
[0.5084665021003855, 124, 83, 134, 96]

Validation: 0.520549131696332
min_df: 43
alpha: 0.0
[0.5037352215148759, 123, 84, 135, 95]

Validation: 0.5261357238751029
min_df: 44
alpha: 0.0
[0.5084665021003855, 124, 83, 134, 96]

Validation: 0.5231150664761163
min_df: 45
alpha: 0.0
[0.5149084058724178, 123, 80, 135, 99]

Validation: 0.5317223160538738
min_df: 46
alpha: 0.0
[0.5065285176042614, 123, 83, 135, 96]

Validation: 0.5287016586548872
min_df: 47
alpha: 0.0
[0.5101771252869083, 122, 81, 136, 98]

Validation: 0.5287016586548872
min_df: 48
alpha: 0.51
[0.5204949980511888, 123, 78, 135, 101]

Validation: 0.5287016586548872
min_df: 49
alpha: 0.0
[0.5215776709540514, 125, 79, 133, 100]

Validation: 0.5287016586548872
min_df: 50
alpha: 0.0
[0.5207223593607899, 126, 80, 132, 99]

Validation: 0.5239703780693776
min_df: 51
alpha: 0.0
[0.5235156554501754, 126, 79, 132, 100]

Validation: 0.5192390974838682
min_df: 52
alpha: 0.0
[0.5215776709540514, 125, 79, 133, 100]

Validation: 0.5192390974838682
min_df: 53
alpha: 0.8300000000000001
[0.5196396864579274, 124, 79, 134, 100]

Validation: 0.507611190507124
min_df: 54
alpha: 0.79
[0.5121151097830323, 123, 81, 135, 98]

Validation: 0.5028799099216145
min_df: 55
alpha: 0.0
[0.511259798189771, 124, 82, 134, 97]

Validation: 0.5009419254254904
min_df: 56
alpha: 0.78
[0.505673206011, 124, 84, 134, 95]

Validation: 0.507611190507124
min_df: 57
alpha: 0.7000000000000001
[0.5151357671820189, 126, 82, 132, 97]

Validation: 0.5123424710926334
min_df: 58
alpha: 0.0
[0.5198670477675285, 127, 81, 131, 98]

Validation: 0.5198670477675285
min_df: 59
alpha: 0.0
[0.509549175003248, 126, 84, 132, 95]

Validation: 0.5332055779307956
min_df: 60
alpha: 0.0
[0.5151357671820189, 126, 82, 132, 97]

Validation: 0.526536312849162
min_df: 61
alpha: 0.0
[0.5151357671820189, 126, 82, 132, 97]

Validation: 0.5254536399462995
min_df: 62
alpha: 0.33
[0.517073751678143, 127, 82, 131, 97]

Validation: 0.5123424710926334
min_df: 63
alpha: 0.0
[0.5131977826858949, 125, 82, 133, 97]

Validation: 0.5218050322636525
min_df: 64
alpha: 0.0
[0.5140530942791564, 124, 81, 134, 98]

Validation: 0.5351435624269196
min_df: 65
alpha: 0.0
[0.5101771252869083, 122, 81, 136, 98]

Validation: 0.5407301546056905
min_df: 66
alpha: 0.0
[0.5101771252869083, 122, 81, 136, 98]

Validation: 0.5349162011173184
min_df: 67
alpha: 0.0
[0.5082391407907842, 121, 81, 137, 98]

Validation: 0.5368541856134424
min_df: 68
alpha: 0.0
[0.5054458447013989, 121, 82, 137, 97]

Validation: 0.532122905027933
min_df: 69
alpha: 0.0
[0.5101771252869083, 122, 81, 136, 98]

Validation: 0.530184920531809
min_df: 70
alpha: 0.0
[0.5140530942791564, 124, 81, 134, 98]

Validation: 0.532122905027933
min_df: 71
alpha: 0.0
[0.5204949980511888, 123, 78, 135, 101]

Validation: 0.5235156554501754
min_df: 72
alpha: 0.86
[0.5241436057338357, 122, 76, 136, 103]

Validation: 0.507611190507124
min_df: 73
alpha: 0.0
[0.5249989173270971, 121, 75, 137, 104]

Validation: 0.5114871594993721
min_df: 74
alpha: 0.0
[0.5232882941405742, 123, 77, 135, 102]

Validation: 0.5142804555887575
min_df: 75
alpha: 0.0
[0.5241436057338357, 122, 76, 136, 103]

Validation: 0.5179290632714044
min_df: 76
alpha: 0.0
[0.5202676367415876, 120, 76, 138, 103]

Validation: 0.5207223593607899
min_df: 77
alpha: 0.34
[0.5194123251483261, 121, 77, 137, 102]

Validation: 0.5157637174656793
min_df: 78
alpha: 0.75
[0.5213503096444502, 122, 77, 136, 102]

Validation: 0.5168463903685419
min_df: 79
alpha: 0.0
[0.5185570135550648, 122, 78, 136, 101]

Validation: 0.5215776709540514
min_df: 80
alpha: 0.35000000000000003
[0.5196396864579274, 124, 79, 134, 100]

Validation: 0.5168463903685419
min_df: 81
alpha: 0.52
[0.5177017019618033, 123, 79, 135, 100]

Validation: 0.5243709670434369
min_df: 82
alpha: 0.02
[0.5129704213762938, 122, 80, 136, 99]

Validation: 0.5252262786366982
min_df: 83
alpha: 0.0
[0.5073838291975229, 122, 82, 136, 97]

Validation: 0.5346888398077173
min_df: 84
alpha: 0.0
[0.5101771252869083, 122, 81, 136, 98]

Validation: 0.5385648087999654
min_df: 85
alpha: 0.02
[0.5093218136936469, 123, 82, 135, 97]

Validation: 0.5291022476289463
min_df: 86
alpha: 0.0
[0.5093218136936469, 123, 82, 135, 97]

Validation: 0.5263089515395609
min_df: 87
alpha: 0.11
[0.5101771252869083, 122, 81, 136, 98]

Validation: 0.5198670477675285
min_df: 88
alpha: 0.62
[0.5090944523840457, 120, 80, 138, 99]

Validation: 0.5263089515395609
min_df: 89
alpha: 0.77
[0.5024251873024121, 118, 81, 140, 98]

Validation: 0.5291022476289463
min_df: 90
alpha: 0.0
[0.5129704213762938, 122, 80, 136, 99]

Validation: 0.5254536399462995
min_df: 91
alpha: 0.0
[0.5118877484734312, 120, 79, 138, 100]

Validation: 0.5293296089385475
min_df: 92
alpha: 0.12
[0.5054458447013989, 121, 82, 137, 97]

Validation: 0.524598328353038
min_df: 93
alpha: 0.55
[0.5065285176042614, 123, 83, 135, 96]

Validation: 0.530184920531809
min_df: 94
alpha: 0.7000000000000001
[0.5073838291975229, 122, 82, 136, 97]

Validation: 0.528246936035685
min_df: 95
alpha: 0.0
[0.5026525486120134, 121, 83, 137, 96]

Validation: 0.5329782166211944
min_df: 96
alpha: 0.28
[0.5045905331081374, 122, 83, 136, 96]

Validation: 0.5329782166211944
min_df: 97
alpha: 0.48
[0.5065285176042614, 123, 83, 135, 96]

Validation: 0.5357715127105799
min_df: 98
alpha: 0.0
[0.5037352215148759, 123, 84, 135, 95]

Validation: 0.5329782166211944
min_df: 99
alpha: 0.0
[0.505673206011, 124, 84, 134, 95]

Validation: 0.5349162011173184
min_df: 100
alpha: 0.0
[0.5009419254254904, 123, 85, 135, 94]

Validation: 0.5424407777922134
min_df: 101
alpha: 0.0
[0.509549175003248, 126, 84, 132, 95]

Validation: 0.5394201203932267
min_df: 102
alpha: 0.0
[0.5142804555887575, 127, 83, 131, 96]

Validation: 0.5383374474903642
min_df: 103
alpha: 0.0
[0.509549175003248, 126, 84, 132, 95]

Validation: 0.5430687280758737
min_df: 104
alpha: 0.0
[0.507611190507124, 125, 84, 133, 95]

Validation: 0.5318955437183318
min_df: 105
alpha: 0.02
[0.507611190507124, 125, 84, 133, 95]

Validation: 0.5291022476289463
min_df: 106
alpha: 0.0
[0.5048178944177385, 125, 85, 133, 94]

Validation: 0.5280195747260837
min_df: 107
alpha: 0.21
[0.503962582824477, 126, 86, 132, 93]

Validation: 0.5280195747260837
min_df: 108
alpha: 0.7000000000000001
[0.509549175003248, 126, 84, 132, 95]

Validation: 0.5338335282144558
min_df: 109
alpha: 0.58
[0.5114871594993721, 127, 84, 131, 95]

Validation: 0.5357715127105799
min_df: 110
alpha: 0.42
[0.49643800614958206, 125, 88, 133, 91]

Validation: 0.5338335282144558
min_df: 111
alpha: 0.19
[0.502024598328353, 125, 86, 133, 93]

Validation: 0.5318955437183318
min_df: 112
alpha: 0.65
[0.5114871594993721, 127, 84, 131, 95]

Validation: 0.5349162011173184
min_df: 113
alpha: 0.0
[0.5059005673206011, 127, 86, 131, 93]

Validation: 0.532122905027933
min_df: 114
alpha: 0.0
[0.503962582824477, 126, 86, 132, 93]

Validation: 0.532122905027933
min_df: 115
alpha: 0.78
[0.500086613832229, 124, 86, 134, 93]

Validation: 0.528246936035685
min_df: 116
alpha: 0.25
[0.49923130223896756, 125, 87, 133, 92]

Validation: 0.5235156554501754
min_df: 117
alpha: 0.11
[0.5011692867350916, 126, 87, 132, 92]

Validation: 0.5207223593607899
min_df: 118
alpha: 0.0
[0.5106318479061106, 128, 85, 130, 94]

Validation: 0.5291022476289463
min_df: 119
alpha: 0.29
[0.5153631284916201, 129, 84, 129, 95]

Validation: 0.528246936035685
min_df: 120
alpha: 0.0
[0.5181564245810055, 129, 83, 129, 96]

Validation: 0.5394201203932267
min_df: 121
alpha: 0.54
[0.519011736174267, 128, 82, 130, 97]

Validation: 0.5394201203932267
min_df: 122
alpha: 0.0
[0.5142804555887575, 127, 83, 131, 96]

Validation: 0.5346888398077173
min_df: 123
alpha: 0.0
[0.5114871594993721, 127, 84, 131, 95]

Validation: 0.5385648087999654
min_df: 124
alpha: 0.0
[0.5123424710926334, 126, 83, 132, 96]

Validation: 0.5385648087999654
min_df: 125
alpha: 0.0
[0.5104044865965094, 125, 83, 133, 96]

Validation: 0.5263089515395609
min_df: 126
alpha: 0.0
[0.5159910787752804, 125, 81, 133, 98]

Validation: 0.5293296089385475
min_df: 127
alpha: 0.0
[0.5093218136936469, 123, 82, 135, 97]

Validation: 0.5340608895240571
min_df: 128
alpha: 0.73
[0.5093218136936469, 123, 82, 135, 97]

Validation: 0.5379368585163051
min_df: 129
alpha: 0.0
[0.5131977826858949, 125, 82, 133, 97]

Validation: 0.5379368585163051
min_df: 130
alpha: 0.49
[0.511259798189771, 124, 82, 134, 97]